0 0.047059 0.190312 0.117647 0.190312 0.117647 0.429066 0.047059 0.429066
0 0.032353 0.100246 0.117647 0.100246 0.117647 0.435886 0.032353 0.435886
0 0.238786 0.062284 0.328862 0.062284 0.328862 0.432526 0.238786 0.432526
0 0.355773 0.315425 0.432244 0.315425 0.432244 0.384975 0.355773 0.384975
0 0.477021 0.053806 0.517097 0.053806 0.517097 0.057612 0.477021 0.057612
0 0.673529 0.017301 0.697059 0.017301 0.697059 0.491349 0.673529 0.491349
0 0.888235 0.024271 0.911764 0.024271 0.911764 0.491299 0.888235 0.491299
0 0.839694 0.640138 0.840459 0.640138 0.840459 0.937716 0.839694 0.937716
0 0.394117 0.638217 0.402941 0.638217 0.402941 0.943097 0.394117 0.943097
0 0.244107 0.638217 0.264695 0.638217 0.264695 0.943097 0.244107 0.943097
0 0.003723 0.638217 0.008429 0.638217 0.008429 0.943097 0.003723 0.943097
