0 0.658889 0.123372 0.781111 0.123372 0.781111 0.824670 0.658889 0.824670
0 0.548889 0.120129 0.713333 0.120129 0.713333 0.857143 0.548889 0.857143
0 0.268889 -0.279221 0.388889 -0.279221 0.388889 0.324675 0.268889 0.324675
0 0.171111 -0.262987 0.293333 -0.262987 0.293333 0.337662 0.171111 0.337662
0 0.243334 -0.009713 0.372223 -0.009713 0.372223 0.084389 0.243334 0.084389
0 0.817778 0.034741 0.948889 0.034741 0.948889 0.043181 0.817778 0.043181
0 0.406667 -0.253252 0.548889 -0.253252 0.548889 0.383112 0.406667 0.383112
0 0.042778 -0.129875 0.172778 -0.129875 0.172778 0.308437 0.042778 0.308437
0 0.175000 0.399601 0.305000 0.399601 0.305000 0.879619 0.175000 0.879619
0 0.737778 0.412287 0.880000 0.412287 0.880000 0.873326 0.737778 0.873326
