0 0.737374 -0.319570 0.898990 -0.319570 0.898990 0.402452 0.737374 0.402452
0 -0.029217 -0.296897 0.070985 -0.296897 0.070985 0.431031 -0.029217 0.431031
0 0.543687 -0.271171 0.720455 -0.271171 0.720455 0.456757 0.543687 0.456757
0 0.670505 0.299099 0.790455 0.299099 0.790455 0.926126 0.670505 0.926126
0 0.130050 0.563913 0.232324 0.563913 0.232324 0.656707 0.130050 0.656707
0 0.209571 0.308108 0.339672 0.308108 0.339672 0.924324 0.209571 0.924324
0 0.026040 0.313514 0.156040 0.313514 0.156040 0.926126 0.026040 0.926126
0 0.360100 0.308509 0.492171 0.308509 0.492171 0.931931 0.360100 0.931931
0 -0.059344 0.590991 0.059344 0.590991 0.059344 0.671071 -0.059344 0.671071
0 0.840909 0.610360 0.977273 0.610360 0.977273 0.674324 0.840909 0.674324
0 0.262626 0.677820 0.401515 0.677820 0.401515 0.698541 0.262626 0.698541
