0 0.703590 0.086759 0.707980 0.086759 0.707980 0.227377 0.703590 0.227377
0 0.261785 0.192970 0.446553 0.192970 0.446553 0.498130 0.261785 0.498130
0 0.035337 0.346820 0.340668 0.346820 0.340668 0.435522 0.035337 0.435522
0 0.858215 0.211925 0.957923 0.211925 0.957923 0.582395 0.858215 0.582395
0 0.452924 0.257816 0.564801 0.257816 0.564801 0.563921 0.452924 0.563921
0 0.763881 0.229816 0.859735 0.229816 0.859735 0.576863 0.763881 0.576863
0 0.661477 0.349571 0.748523 0.349571 0.748523 0.651182 0.661477 0.651182
0 0.008946 0.403398 0.109284 0.403398 0.109284 0.733482 0.008946 0.733482
0 0.306827 0.424826 0.460835 0.424826 0.460835 0.741957 0.306827 0.741957
0 0.860831 0.601565 1.000000 0.601565 1.000000 0.611984 0.860831 0.611984
0 0.447651 0.457046 0.549641 0.457046 0.549641 0.817046 0.447651 0.817046
0 0.642851 0.626775 0.679320 0.626775 0.679320 0.812261 0.642851 0.812261
0 0.334462 0.581901 0.500200 0.581901 0.500200 0.890058 0.334462 0.890058
0 0.083693 0.667164 0.123108 0.667164 0.123108 0.827225 0.083693 0.827225
0 0.769393 0.736763 0.817978 0.736763 0.817978 0.883360 0.769393 0.883360
0 0.534667 0.777844 0.541713 0.777844 0.541713 0.910974 0.534667 0.910974
0 0.711492 0.100000 0.719800 0.100000 0.719800 0.101948 0.711492 0.101948
0 0.482616 0.007476 0.527446 0.007476 0.527446 0.195958 0.482616 0.195958
