0 0.429126 0.684987 0.593175 0.684987 0.593175 0.776359 0.429126 0.776359
0 0.782482 0.687411 0.836332 0.687411 0.836332 0.854311 0.782482 0.854311
0 0.496843 0.726813 0.636887 0.726813 0.636887 0.875328 0.496843 0.875328
0 0.090241 0.759349 0.090722 0.759349 0.090722 0.851287 0.090241 0.851287
0 -0.016064 0.009901 0.044276 0.009901 0.044276 0.164073 -0.016064 0.164073
0 0.577803 0.838735 0.634307 0.838735 0.634307 0.930673 0.577803 0.930673
0 0.051711 0.041115 0.142019 0.041115 0.142019 0.145585 0.051711 0.145585
0 0.415236 0.910891 0.495682 0.910891 0.495682 1.000000 0.415236 1.000000
0 0.893481 -0.000002 1.000001 -0.000002 1.000001 0.196603 0.893481 0.196603
0 0.372716 0.099801 0.527426 0.099801 0.527426 0.116208 0.372716 0.116208
0 0.756887 0.043658 0.792692 0.043658 0.792692 0.173764 0.756887 0.173764
0 0.570303 0.063549 0.641168 0.063549 0.641168 0.248639 0.570303 0.248639
0 -0.000200 0.155261 0.108288 0.155261 0.108288 0.158741 -0.000200 0.158741
0 0.045083 0.062235 0.162728 0.062235 0.162728 0.253183 0.045083 0.253183
0 0.535130 0.190523 0.604944 0.190523 0.604944 0.199858 0.535130 0.199858
0 0.453251 -0.069892 0.534068 -0.069892 0.534068 0.085695 0.453251 0.085695
0 0.592214 -0.062803 0.744146 -0.062803 0.744146 0.133803 0.592214 0.133803
0 0.478708 -0.004999 0.558469 -0.004999 0.558469 0.125108 0.478708 0.125108
0 0.330197 -0.019000 0.388711 -0.019000 0.388711 0.031334 0.330197 0.031334
0 0.133962 -0.033298 0.207268 -0.033298 0.207268 0.163307 0.133962 0.163307
0 0.091614 -0.019999 0.146698 -0.019999 0.146698 0.035161 0.091614 0.035161
0 0.820287 0.002263 0.921337 0.002263 0.921337 0.149363 0.820287 0.149363
0 0.295506 0.071146 0.405598 0.071146 0.405598 0.087553 0.295506 0.087553
0 0.078942 -0.002000 0.124676 -0.002000 0.124676 0.063064 0.078942 0.063064
0 0.016827 0.244696 0.072913 0.244696 0.072913 0.444130 0.016827 0.444130
0 0.020021 0.257425 0.080329 0.257425 0.080329 0.445544 0.020021 0.445544
0 0.508564 0.282886 0.702925 0.282886 0.702925 0.438473 0.508564 0.438473
0 0.818264 0.285300 0.888345 0.285300 0.888345 0.436058 0.818264 0.436058
0 0.486321 0.002829 0.525382 0.002829 0.525382 0.070721 0.486321 0.070721
0 0.417360 0.377227 0.568877 0.377227 0.568877 0.380905 0.417360 0.380905
0 0.681323 0.368842 0.836458 0.368842 0.836458 0.404851 0.681323 0.404851
0 0.620008 0.000000 0.687684 0.000000 0.687684 0.087694 0.620008 0.087694
0 0.138310 0.363508 0.212448 0.363508 0.212448 0.527582 0.138310 0.527582
0 0.930884 0.437058 0.999998 0.437058 0.999998 0.596888 0.930884 0.596888
0 -0.006515 0.529967 0.148233 0.529967 0.148233 0.593050 -0.006515 0.593050
0 0.828358 0.479705 0.929159 0.479705 0.929159 0.640364 0.828358 0.640364
0 -0.019399 0.488806 0.020619 0.488806 0.020619 0.672682 -0.019399 0.672682
0 0.723879 0.516265 0.797319 0.516265 0.797319 0.652050 0.723879 0.652050
0 0.659268 0.582320 0.726939 0.582320 0.726939 0.641160 0.659268 0.641160
