0 0.379103 0.432119 0.403207 0.432119 0.403207 0.479820 0.379103 0.479820
0 0.305876 0.590373 0.378426 0.590373 0.378426 0.592811 0.305876 0.592811
0 0.439654 0.156691 0.631646 0.156691 0.631646 0.265697 0.439654 0.265697
0 0.510802 0.256244 0.670871 0.256244 0.670871 0.345647 0.510802 0.345647
0 0.509502 0.525025 0.514880 0.525025 0.514880 0.639055 0.509502 0.639055
0 0.268649 0.709999 0.316969 0.709999 0.316969 0.790019 0.268649 0.790019
0 0.153547 -0.033408 0.252112 -0.033408 0.252112 0.155796 0.153547 0.155796
0 0.413042 -0.050747 0.523691 -0.050747 0.523691 0.057413 0.413042 0.057413
0 0.194667 0.513045 0.290670 0.513045 0.290670 0.623856 0.194667 0.623856
0 0.582251 0.476379 0.694801 0.476379 0.694801 0.590488 0.582251 0.590488
0 0.520139 0.356254 0.527270 0.356254 0.527270 0.477747 0.520139 0.477747
0 0.004924 0.565913 0.013164 0.565913 0.013164 0.759246 0.004924 0.759246
0 0.004282 0.836890 0.105518 0.836890 0.105518 0.925895 0.004282 0.925895
0 0.429034 0.871567 0.586743 0.871567 0.586743 0.910423 0.429034 0.910423
0 0.136015 0.878870 0.244335 0.878870 0.244335 0.882940 0.136015 0.882940
0 0.265160 0.821468 0.359542 0.821468 0.359542 0.911070 0.265160 0.911070
0 0.266932 0.397766 0.331794 0.397766 0.331794 0.490850 0.266932 0.490850
0 0.649912 0.364602 0.733993 0.364602 0.733993 0.465845 0.649912 0.465845
0 0.295278 0.624616 0.385518 0.624616 0.385518 0.709116 0.295278 0.709116
0 0.379927 0.257363 0.380735 0.257363 0.380735 0.386915 0.379927 0.386915
0 0.436992 0.251902 0.483486 0.251902 0.483486 0.365908 0.436992 0.365908
0 0.425478 0.445312 0.464004 0.445312 0.464004 0.589492 0.425478 0.589492
0 0.069362 0.720422 0.101314 0.720422 0.101314 0.828531 0.069362 0.828531
0 0.039936 0.774975 0.141738 0.774975 0.141738 0.897065 0.039936 0.897065
0 -0.000010 -0.001471 0.094192 -0.001471 0.094192 0.091613 -0.000010 0.091613
