0 -0.014619 0.028703 0.031435 0.028703 0.031435 0.068719 -0.014619 0.068719
0 0.135243 0.033988 0.191963 0.033988 0.191963 0.084880 0.135243 0.084880
0 0.449385 0.094019 0.460185 0.094019 0.460185 0.104881 0.449385 0.104881
0 0.321451 0.255865 0.398551 0.255865 0.398551 0.350205 0.321451 0.350205
0 -0.009575 0.260165 0.021597 0.260165 0.021597 0.350212 -0.009575 0.350212
0 0.150253 0.288735 0.213359 0.288735 0.213359 0.387365 0.150253 0.387365
0 0.358096 0.331181 0.423643 0.331181 0.423643 0.362058 0.358096 0.362058
0 0.092686 0.315896 0.183096 0.315896 0.183096 0.381651 0.092686 0.381651
0 0.511518 0.304457 0.570278 0.304457 0.570278 0.418812 0.511518 0.418812
0 0.010077 0.344489 0.123633 0.344489 0.123633 0.421675 0.010077 0.421675
0 0.337544 0.338767 0.421128 0.338767 0.421128 0.437397 0.337544 0.437397
0 0.246123 0.368789 0.377627 0.368789 0.377627 0.437405 0.246123 0.437405
0 -0.006153 0.425966 0.099354 0.425966 0.099354 0.481706 -0.006153 0.481706
0 0.026751 0.415752 0.123431 0.415752 0.123431 0.524382 0.026751 0.524382
0 0.029619 0.424328 0.128077 0.424328 0.128077 0.515806 0.029619 0.515806
0 0.011611 0.458415 0.123349 0.458415 0.123349 0.569321 0.011611 0.569321
0 0.332237 0.464352 0.398037 0.464352 0.398037 0.565846 0.332237 0.565846
0 0.133492 0.436959 0.187544 0.436959 0.187544 0.597915 0.133492 0.597915
0 0.361550 0.518877 0.452639 0.518877 0.452639 0.580337 0.361550 0.580337
0 0.407667 0.530308 0.512567 0.530308 0.512567 0.591768 0.407667 0.591768
0 0.031395 0.532737 0.078367 0.532737 0.078367 0.623646 0.031395 0.623646
0 0.537428 0.537253 0.599388 0.537253 0.599388 0.668762 0.537428 0.668762
0 0.408731 0.575856 0.509307 0.575856 0.509307 0.650160 0.408731 0.650160
0 -0.085146 0.627453 0.100264 0.627453 0.100264 0.673301 -0.085146 0.673301
0 0.283403 0.580348 0.376733 0.580348 0.376733 0.761853 0.283403 0.761853
0 0.465597 0.622587 0.596608 0.622587 0.596608 0.733491 0.465597 0.733491
0 0.560487 0.621893 0.645527 0.621893 0.645527 0.788924 0.560487 0.788924
0 0.358102 0.647516 0.522172 0.647516 0.522172 0.756164 0.358102 0.756164
0 0.084580 0.644655 0.123721 0.644655 0.123721 0.833334 0.084580 0.833334
0 -0.024785 0.754092 0.062989 0.754092 0.062989 0.807095 -0.024785 0.807095
0 0.003868 0.721417 0.091678 0.721417 0.091678 0.862357 0.003868 0.862357
0 0.114416 0.751240 0.205754 0.751240 0.205754 0.849980 0.114416 0.849980
0 0.305717 0.797539 0.389028 0.797539 0.389028 0.873405 0.305717 0.873405
0 0.362539 0.693247 0.521289 0.693247 0.521289 0.999992 0.362539 0.999992
0 0.041802 0.823280 0.119800 0.823280 0.119800 0.899990 0.041802 0.899990
0 0.508838 0.834890 0.670576 0.834890 0.670576 0.979890 0.508838 0.979890
